/*--------------------------------*- C++ -*----------------------------------*\
  =========                 |
  \\      /  F ield         | OpenFOAM: The Open Source CFD Toolbox
   \\    /   O peration     | Website:  https://openfoam.org
    \\  /    A nd           | Version:  7
     \\/     M anipulation  |
\*---------------------------------------------------------------------------*/
FoamFile
{
    version     2.0;
    format      ascii;
    class       faceList;
    location    "constant/polyMesh";
    object      faces;
}
// * * * * * * * * * * * * * * * * * * * * * * * * * * * * * * * * * * * * * //


450
(
4(1 37 36 0)
4(0 36 39 3)
4(36 37 38 39)
4(0 31 67 36)
4(31 35 71 67)
4(67 71 37 36)
4(0 36 46 10)
4(11 10 46 47)
4(46 36 39 47)
4(37 73 72 36)
4(36 72 75 39)
4(72 73 74 75)
4(10 27 63 46)
4(27 31 67 63)
4(63 67 36 46)
4(31 30 66 67)
4(30 34 70 66)
4(66 70 71 67)
4(36 67 103 72)
4(67 71 107 103)
4(103 107 73 72)
4(10 46 44 8)
4(9 8 44 45)
4(44 46 47 45)
4(36 72 82 46)
4(47 46 82 83)
4(82 72 75 83)
4(73 109 108 72)
4(72 108 111 75)
4(108 109 110 111)
4(8 23 59 44)
4(23 27 63 59)
4(59 63 46 44)
4(27 26 62 63)
4(26 30 66 62)
4(62 66 67 63)
4(46 63 99 82)
4(63 67 103 99)
4(99 103 72 82)
4(30 29 65 66)
4(29 33 69 65)
4(65 69 70 66)
4(67 66 102 103)
4(66 70 106 102)
4(102 106 107 103)
4(72 103 139 108)
4(103 107 143 139)
4(139 143 109 108)
4(8 44 41 5)
4(6 5 41 42)
4(41 44 45 42)
4(46 82 80 44)
4(45 44 80 81)
4(80 82 83 81)
4(72 108 118 82)
4(83 82 118 119)
4(118 108 111 119)
4(109 145 144 108)
4(108 144 147 111)
4(144 145 146 147)
4(5 18 54 41)
4(18 23 59 54)
4(54 59 44 41)
4(23 22 58 59)
4(22 26 62 58)
4(58 62 63 59)
4(44 59 95 80)
4(59 63 99 95)
4(95 99 82 80)
4(26 25 61 62)
4(25 29 65 61)
4(61 65 66 62)
4(63 62 98 99)
4(62 66 102 98)
4(98 102 103 99)
4(82 99 135 118)
4(99 103 139 135)
4(135 139 108 118)
4(29 28 64 65)
4(64 68 69 65)
4(66 65 101 102)
4(65 69 105 101)
4(101 105 106 102)
4(103 102 138 139)
4(102 106 142 138)
4(138 142 143 139)
4(108 139 175 144)
4(139 143 179 175)
4(175 179 145 144)
4(5 41 40 4)
4(40 41 42 43)
4(44 80 77 41)
4(42 41 77 78)
4(77 80 81 78)
4(82 118 116 80)
4(81 80 116 117)
4(116 118 119 117)
4(108 144 154 118)
4(119 118 154 155)
4(154 144 147 155)
4(145 181 180 144)
4(144 180 183 147)
4(19 18 54 55)
4(55 54 41 40)
4(18 16 52 54)
4(16 22 58 52)
4(52 58 59 54)
4(41 54 90 77)
4(54 59 95 90)
4(90 95 80 77)
4(22 21 57 58)
4(21 25 61 57)
4(57 61 62 58)
4(59 58 94 95)
4(58 62 98 94)
4(94 98 99 95)
4(80 95 131 116)
4(95 99 135 131)
4(131 135 118 116)
4(25 24 60 61)
4(60 64 65 61)
4(62 61 97 98)
4(61 65 101 97)
4(97 101 102 98)
4(99 98 134 135)
4(98 102 138 134)
4(134 138 139 135)
4(118 135 171 154)
4(135 139 175 171)
4(171 175 144 154)
4(65 64 100 101)
4(100 104 105 101)
4(102 101 137 138)
4(101 105 141 137)
4(137 141 142 138)
4(139 138 174 175)
4(138 142 178 174)
4(174 178 179 175)
4(144 175 211 180)
4(175 179 215 211)
4(41 77 76 40)
4(76 77 78 79)
4(80 116 113 77)
4(78 77 113 114)
4(113 116 117 114)
4(118 154 152 116)
4(117 116 152 153)
4(152 154 155 153)
4(144 180 190 154)
4(155 154 190 191)
4(17 16 52 53)
4(53 52 54 55)
4(55 54 90 91)
4(91 90 77 76)
4(16 14 50 52)
4(14 21 57 50)
4(50 57 58 52)
4(54 52 88 90)
4(52 58 94 88)
4(88 94 95 90)
4(77 90 126 113)
4(90 95 131 126)
4(126 131 116 113)
4(21 20 56 57)
4(56 60 61 57)
4(58 57 93 94)
4(57 61 97 93)
4(93 97 98 94)
4(95 94 130 131)
4(94 98 134 130)
4(130 134 135 131)
4(116 131 167 152)
4(131 135 171 167)
4(167 171 154 152)
4(61 60 96 97)
4(96 100 101 97)
4(98 97 133 134)
4(97 101 137 133)
4(133 137 138 134)
4(135 134 170 171)
4(134 138 174 170)
4(170 174 175 171)
4(154 171 207 190)
4(171 175 211 207)
4(101 100 136 137)
4(136 140 141 137)
4(138 137 173 174)
4(137 141 177 173)
4(173 177 178 174)
4(175 174 210 211)
4(174 178 214 210)
4(77 113 112 76)
4(112 113 114 115)
4(116 152 149 113)
4(114 113 149 150)
4(149 152 153 150)
4(154 190 188 152)
4(153 152 188 189)
4(15 14 50 51)
4(51 50 52 53)
4(53 52 88 89)
4(89 88 90 91)
4(91 90 126 127)
4(127 126 113 112)
4(14 13 49 50)
4(49 56 57 50)
4(52 50 86 88)
4(50 57 93 86)
4(86 93 94 88)
4(90 88 124 126)
4(88 94 130 124)
4(124 130 131 126)
4(113 126 162 149)
4(126 131 167 162)
4(162 167 152 149)
4(57 56 92 93)
4(92 96 97 93)
4(94 93 129 130)
4(93 97 133 129)
4(129 133 134 130)
4(131 130 166 167)
4(130 134 170 166)
4(166 170 171 167)
4(152 167 203 188)
4(167 171 207 203)
4(97 96 132 133)
4(132 136 137 133)
4(134 133 169 170)
4(133 137 173 169)
4(169 173 174 170)
4(171 170 206 207)
4(170 174 210 206)
4(137 136 172 173)
4(172 176 177 173)
4(174 173 209 210)
4(173 177 213 209)
4(113 149 148 112)
4(148 149 150 151)
4(152 188 185 149)
4(150 149 185 186)
4(48 49 50 51)
4(51 50 86 87)
4(87 86 88 89)
4(89 88 124 125)
4(125 124 126 127)
4(127 126 162 163)
4(163 162 149 148)
4(50 49 85 86)
4(85 92 93 86)
4(88 86 122 124)
4(86 93 129 122)
4(122 129 130 124)
4(126 124 160 162)
4(124 130 166 160)
4(160 166 167 162)
4(149 162 198 185)
4(162 167 203 198)
4(93 92 128 129)
4(128 132 133 129)
4(130 129 165 166)
4(129 133 169 165)
4(165 169 170 166)
4(167 166 202 203)
4(166 170 206 202)
4(133 132 168 169)
4(168 172 173 169)
4(170 169 205 206)
4(169 173 209 205)
4(173 172 208 209)
4(149 185 184 148)
4(84 85 86 87)
4(87 86 122 123)
4(123 122 124 125)
4(125 124 160 161)
4(161 160 162 163)
4(163 162 198 199)
4(86 85 121 122)
4(121 128 129 122)
4(124 122 158 160)
4(122 129 165 158)
4(158 165 166 160)
4(162 160 196 198)
4(160 166 202 196)
4(129 128 164 165)
4(164 168 169 165)
4(166 165 201 202)
4(165 169 205 201)
4(169 168 204 205)
4(120 121 122 123)
4(123 122 158 159)
4(159 158 160 161)
4(161 160 196 197)
4(122 121 157 158)
4(157 164 165 158)
4(160 158 194 196)
4(158 165 201 194)
4(165 164 200 201)
4(156 157 158 159)
4(159 158 194 195)
4(158 157 193 194)
4(3 2 1 0)
4(7 6 5 4)
4(6 9 8 5)
4(9 11 10 8)
4(11 3 0 10)
4(15 14 13 12)
4(17 16 14 15)
4(19 18 16 17)
4(4 5 18 19)
4(14 21 20 13)
4(16 22 21 14)
4(18 23 22 16)
4(5 8 23 18)
4(21 25 24 20)
4(22 26 25 21)
4(23 27 26 22)
4(8 10 27 23)
4(25 29 28 24)
4(26 30 29 25)
4(27 31 30 26)
4(10 0 31 27)
4(29 33 32 28)
4(30 34 33 29)
4(31 35 34 30)
4(0 1 35 31)
4(2 38 37 1)
4(3 39 38 2)
4(7 43 42 6)
4(4 40 43 7)
4(6 42 45 9)
4(9 45 47 11)
4(11 47 39 3)
4(13 49 48 12)
4(12 48 51 15)
4(15 51 53 17)
4(17 53 55 19)
4(19 55 40 4)
4(20 56 49 13)
4(24 60 56 20)
4(33 69 68 32)
4(34 70 69 33)
4(35 71 70 34)
4(1 37 71 35)
4(38 74 73 37)
4(39 75 74 38)
4(43 79 78 42)
4(40 76 79 43)
4(42 78 81 45)
4(45 81 83 47)
4(47 83 75 39)
4(49 85 84 48)
4(48 84 87 51)
4(51 87 89 53)
4(53 89 91 55)
4(55 91 76 40)
4(56 92 85 49)
4(60 96 92 56)
4(69 105 104 68)
4(70 106 105 69)
4(71 107 106 70)
4(37 73 107 71)
4(74 110 109 73)
4(75 111 110 74)
4(79 115 114 78)
4(76 112 115 79)
4(78 114 117 81)
4(81 117 119 83)
4(83 119 111 75)
4(85 121 120 84)
4(84 120 123 87)
4(87 123 125 89)
4(89 125 127 91)
4(91 127 112 76)
4(92 128 121 85)
4(96 132 128 92)
4(100 136 132 96)
4(104 140 136 100)
4(105 141 140 104)
4(106 142 141 105)
4(107 143 142 106)
4(73 109 143 107)
4(110 146 145 109)
4(111 147 146 110)
4(112 148 151 115)
4(117 153 155 119)
4(119 155 147 111)
4(121 157 156 120)
4(120 156 159 123)
4(123 159 161 125)
4(125 161 163 127)
4(127 163 148 112)
4(128 164 157 121)
4(132 168 164 128)
4(136 172 168 132)
4(140 176 172 136)
4(141 177 176 140)
4(142 178 177 141)
4(143 179 178 142)
4(109 145 179 143)
4(146 182 181 145)
4(147 183 182 146)
4(148 184 187 151)
4(153 189 191 155)
4(155 191 183 147)
4(157 193 192 156)
4(156 192 195 159)
4(159 195 197 161)
4(161 197 199 163)
4(163 199 184 148)
4(164 200 193 157)
4(168 204 200 164)
4(172 208 204 168)
4(176 212 208 172)
4(177 213 212 176)
4(178 214 213 177)
4(179 215 214 178)
4(145 181 215 179)
4(180 181 182 183)
4(184 185 186 187)
4(185 188 189 186)
4(188 190 191 189)
4(190 180 183 191)
4(192 193 194 195)
4(195 194 196 197)
4(197 196 198 199)
4(199 198 185 184)
4(193 200 201 194)
4(194 201 202 196)
4(196 202 203 198)
4(198 203 188 185)
4(200 204 205 201)
4(201 205 206 202)
4(202 206 207 203)
4(203 207 190 188)
4(204 208 209 205)
4(205 209 210 206)
4(206 210 211 207)
4(207 211 180 190)
4(208 212 213 209)
4(209 213 214 210)
4(210 214 215 211)
4(211 215 181 180)
4(28 64 60 24)
4(32 68 64 28)
4(64 100 96 60)
4(68 104 100 64)
4(115 151 150 114)
4(114 150 153 117)
4(151 187 186 150)
4(150 186 189 153)
)


// ************************************************************************* //
