/*--------------------------------*- C++ -*----------------------------------*\
  =========                 |
  \\      /  F ield         | OpenFOAM: The Open Source CFD Toolbox
   \\    /   O peration     | Website:  https://openfoam.org
    \\  /    A nd           | Version:  7
     \\/     M anipulation  |
\*---------------------------------------------------------------------------*/
FoamFile
{
    version     2.0;
    format      ascii;
    class       labelList;
    note        "nPoints:216  nCells:125  nFaces:450  nInternalFaces:300";
    location    "constant/polyMesh";
    object      neighbour;
}
// * * * * * * * * * * * * * * * * * * * * * * * * * * * * * * * * * * * * * //


300
(
1
2
3
4
5
6
4
7
8
6
8
9
10
11
12
11
13
14
12
14
15
10
16
17
12
17
18
15
18
19
20
21
22
21
23
24
22
24
25
23
26
27
24
27
28
25
28
29
20
30
31
22
31
32
25
32
33
29
33
34
35
36
37
36
38
39
37
39
40
38
41
42
39
42
43
40
43
44
41
45
42
45
46
43
46
47
44
47
48
35
49
37
49
50
40
50
51
44
51
52
48
52
53
54
53
55
56
54
56
57
55
58
59
56
59
60
57
60
61
58
62
59
62
63
60
63
64
61
64
65
62
66
63
66
67
64
67
68
65
68
54
69
57
69
70
61
70
71
65
71
72
73
73
74
72
75
76
73
76
77
74
77
78
75
79
76
79
80
77
80
81
78
81
82
79
83
80
83
84
81
84
85
82
85
83
86
84
86
87
85
87
74
88
78
88
89
82
89
90
91
91
92
92
93
90
94
91
94
95
92
95
96
93
96
97
94
98
95
98
99
96
99
100
97
100
98
101
99
101
102
100
102
101
103
102
103
93
104
97
104
105
105
106
106
107
107
108
105
109
106
109
110
107
110
111
108
111
109
112
110
112
113
111
113
112
114
113
114
114
108
115
115
116
116
117
117
115
118
116
118
119
117
119
118
120
119
120
120
121
121
122
122
121
123
122
123
123
124
124
124
)


// ************************************************************************* //
