/*--------------------------------*- C++ -*----------------------------------*\
  =========                 |
  \\      /  F ield         | OpenFOAM: The Open Source CFD Toolbox
   \\    /   O peration     | Website:  https://openfoam.org
    \\  /    A nd           | Version:  7
     \\/     M anipulation  |
\*---------------------------------------------------------------------------*/
FoamFile
{
    version     2.0;
    format      ascii;
    class       vectorField;
    location    "constant/polyMesh";
    object      points;
}
// * * * * * * * * * * * * * * * * * * * * * * * * * * * * * * * * * * * * * //


216
(
(0.6 0.6 0)
(1 0.6 0)
(1 1 0)
(0.6 1 0)
(-1 0.6 0)
(-0.6 0.6 0)
(-0.6 1 0)
(-1 1 0)
(-0.2 0.6 0)
(-0.2 1 0)
(0.2 0.6 0)
(0.2 1 0)
(-1 -1 0)
(-0.6 -1 0)
(-0.6 -0.6 0)
(-1 -0.6 0)
(-0.6 -0.2 0)
(-1 -0.2 0)
(-0.6 0.2 0)
(-1 0.2 0)
(-0.2 -1 0)
(-0.2 -0.6 0)
(-0.2 -0.2 0)
(-0.2 0.2 0)
(0.2 -1 0)
(0.2 -0.6 0)
(0.2 -0.2 0)
(0.2 0.2 0)
(0.6 -1 0)
(0.6 -0.6 0)
(0.6 -0.2 0)
(0.6 0.2 0)
(1 -1 0)
(1 -0.6 0)
(1 -0.2 0)
(1 0.2 0)
(0.6 0.6 0.4)
(1 0.6 0.4)
(1 1 0.4)
(0.6 1 0.4)
(-1 0.6 0.4)
(-0.6 0.6 0.4)
(-0.6 1 0.4)
(-1 1 0.4)
(-0.2 0.6 0.4)
(-0.2 1 0.4)
(0.2 0.6 0.4)
(0.2 1 0.4)
(-1 -1 0.4)
(-0.6 -1 0.4)
(-0.6 -0.6 0.4)
(-1 -0.6 0.4)
(-0.6 -0.2 0.4)
(-1 -0.2 0.4)
(-0.6 0.2 0.4)
(-1 0.2 0.4)
(-0.2 -1 0.4)
(-0.2 -0.6 0.4)
(-0.2 -0.2 0.4)
(-0.2 0.2 0.4)
(0.2 -1 0.4)
(0.2 -0.6 0.4)
(0.2 -0.2 0.4)
(0.2 0.2 0.4)
(0.6 -1 0.4)
(0.6 -0.6 0.4)
(0.6 -0.2 0.4)
(0.6 0.2 0.4)
(1 -1 0.4)
(1 -0.6 0.4)
(1 -0.2 0.4)
(1 0.2 0.4)
(0.6 0.6 0.8)
(1 0.6 0.8)
(1 1 0.8)
(0.6 1 0.8)
(-1 0.6 0.8)
(-0.6 0.6 0.8)
(-0.6 1 0.8)
(-1 1 0.8)
(-0.2 0.6 0.8)
(-0.2 1 0.8)
(0.2 0.6 0.8)
(0.2 1 0.8)
(-1 -1 0.8)
(-0.6 -1 0.8)
(-0.6 -0.6 0.8)
(-1 -0.6 0.8)
(-0.6 -0.2 0.8)
(-1 -0.2 0.8)
(-0.6 0.2 0.8)
(-1 0.2 0.8)
(-0.2 -1 0.8)
(-0.2 -0.6 0.8)
(-0.2 -0.2 0.8)
(-0.2 0.2 0.8)
(0.2 -1 0.8)
(0.2 -0.6 0.8)
(0.2 -0.2 0.8)
(0.2 0.2 0.8)
(0.6 -1 0.8)
(0.6 -0.6 0.8)
(0.6 -0.2 0.8)
(0.6 0.2 0.8)
(1 -1 0.8)
(1 -0.6 0.8)
(1 -0.2 0.8)
(1 0.2 0.8)
(0.6 0.6 1.2)
(1 0.6 1.2)
(1 1 1.2)
(0.6 1 1.2)
(-1 0.6 1.2)
(-0.6 0.6 1.2)
(-0.6 1 1.2)
(-1 1 1.2)
(-0.2 0.6 1.2)
(-0.2 1 1.2)
(0.2 0.6 1.2)
(0.2 1 1.2)
(-1 -1 1.2)
(-0.6 -1 1.2)
(-0.6 -0.6 1.2)
(-1 -0.6 1.2)
(-0.6 -0.2 1.2)
(-1 -0.2 1.2)
(-0.6 0.2 1.2)
(-1 0.2 1.2)
(-0.2 -1 1.2)
(-0.2 -0.6 1.2)
(-0.2 -0.2 1.2)
(-0.2 0.2 1.2)
(0.2 -1 1.2)
(0.2 -0.6 1.2)
(0.2 -0.2 1.2)
(0.2 0.2 1.2)
(0.6 -1 1.2)
(0.6 -0.6 1.2)
(0.6 -0.2 1.2)
(0.6 0.2 1.2)
(1 -1 1.2)
(1 -0.6 1.2)
(1 -0.2 1.2)
(1 0.2 1.2)
(0.6 0.6 1.6)
(1 0.6 1.6)
(1 1 1.6)
(0.6 1 1.6)
(-1 0.6 1.6)
(-0.6 0.6 1.6)
(-0.6 1 1.6)
(-1 1 1.6)
(-0.2 0.6 1.6)
(-0.2 1 1.6)
(0.2 0.6 1.6)
(0.2 1 1.6)
(-1 -1 1.6)
(-0.6 -1 1.6)
(-0.6 -0.6 1.6)
(-1 -0.6 1.6)
(-0.6 -0.2 1.6)
(-1 -0.2 1.6)
(-0.6 0.2 1.6)
(-1 0.2 1.6)
(-0.2 -1 1.6)
(-0.2 -0.6 1.6)
(-0.2 -0.2 1.6)
(-0.2 0.2 1.6)
(0.2 -1 1.6)
(0.2 -0.6 1.6)
(0.2 -0.2 1.6)
(0.2 0.2 1.6)
(0.6 -1 1.6)
(0.6 -0.6 1.6)
(0.6 -0.2 1.6)
(0.6 0.2 1.6)
(1 -1 1.6)
(1 -0.6 1.6)
(1 -0.2 1.6)
(1 0.2 1.6)
(0.6 0.6 2)
(1 0.6 2)
(1 1 2)
(0.6 1 2)
(-1 0.6 2)
(-0.6 0.6 2)
(-0.6 1 2)
(-1 1 2)
(-0.2 0.6 2)
(-0.2 1 2)
(0.2 0.6 2)
(0.2 1 2)
(-1 -1 2)
(-0.6 -1 2)
(-0.6 -0.6 2)
(-1 -0.6 2)
(-0.6 -0.2 2)
(-1 -0.2 2)
(-0.6 0.2 2)
(-1 0.2 2)
(-0.2 -1 2)
(-0.2 -0.6 2)
(-0.2 -0.2 2)
(-0.2 0.2 2)
(0.2 -1 2)
(0.2 -0.6 2)
(0.2 -0.2 2)
(0.2 0.2 2)
(0.6 -1 2)
(0.6 -0.6 2)
(0.6 -0.2 2)
(0.6 0.2 2)
(1 -1 2)
(1 -0.6 2)
(1 -0.2 2)
(1 0.2 2)
)


// ************************************************************************* //
